2 7 3 1 5 0 0 0 0 0
2 7 3 1 7 0 0 0 0 0
2 7 3 1 9 0 0 0 0 0
2 5 3 1 5 0 0 0 0 0
2 5 3 1 7 0 0 0 0 0
2 5 3 1 9 0 0 0 0 0
1 7 3 1 5 0 0 0 0 0
1 7 3 1 7 0 0 0 0 0
1 7 3 1 9 0 0 0 0 0
1 3 3 1 5 0 0 0 0 0
1 3 3 1 7 0 0 0 0 0
1 3 3 1 9 0 0 0 0 0
2 7 3 1 5 0 0 0 0 0
3 5 3 1 7 0 0 0 0 0
2 7 3 1 9 0 0 0 0 0
2 5 3 1 5 0 0 0 0 0
1 7 3 1 7 0 0 0 0 0
2 5 3 1 9 0 0 0 0 0
2 7 3 1 5 0 0 0 0 0
3 5 3 1 7 0 0 0 0 0
2 7 3 1 9 0 0 0 0 0
3 7 3 1 7 0 0 0 0 0
3 5 3 1 9 0 0 0 0 0
2 7 3 1 5 0 0 0 0 0
2 5 3 1 7 0 0 0 0 0
2 7 3 1 9 0 0 0 0 0
1 0 3 4 5 0 0 0 0 0
1 0 3 4 5 0 0 0 0 0
1 0 3 4 7 0 0 0 0 0
1 0 3 4 9 0 0 0 0 0
3 5 3 1 7 0 0 0 0 0
2 7 3 1 9 0 0 0 0 0