2 7 1 1 5 0 0 0 0 0
2 7 1 1 7 0 0 0 0 0
2 7 1 1 9 0 0 0 0 0
2 5 1 1 5 0 0 0 0 0
2 5 1 1 7 0 0 0 0 0
2 5 1 1 9 0 0 0 0 0
1 7 1 1 5 0 0 0 0 0
1 7 1 1 7 0 0 0 0 0
1 7 1 1 9 0 0 0 0 0
1 3 1 1 5 0 0 0 0 0
1 3 1 1 7 0 0 0 0 0
1 3 1 1 9 0 0 0 0 0
2 7 1 1 5 0 0 0 0 0
3 5 1 1 7 0 0 0 0 0
2 7 1 1 9 0 0 0 0 0
2 5 1 1 5 0 0 0 0 0
1 7 1 1 7 0 0 0 0 0
2 5 1 1 9 0 0 0 0 0
2 7 1 1 5 0 0 0 0 0
3 5 1 1 7 0 0 0 0 0
2 7 1 1 9 0 0 0 0 0
3 7 1 1 7 0 0 0 0 0
3 5 1 1 9 0 0 0 0 0
2 7 1 1 5 0 0 0 0 0
2 5 1 1 7 0 0 0 0 0
2 7 1 1 9 0 0 0 0 0
1 0 1 4 5 0 0 0 0 0
1 0 1 4 5 0 0 0 0 0
1 0 1 4 7 0 0 0 0 0
1 0 1 4 9 0 0 0 0 0
3 5 1 1 7 0 0 0 0 0
2 7 1 1 9 0 0 0 0 0