2 7 2 1 5 0 0 0 0 0
2 7 2 1 7 0 0 0 0 0
2 7 2 1 9 0 0 0 0 0
2 5 2 1 5 0 0 0 0 0
2 5 2 1 7 0 0 0 0 0
2 5 2 1 9 0 0 0 0 0
1 7 2 1 5 0 0 0 0 0
1 7 2 1 7 0 0 0 0 0
1 7 2 1 9 0 0 0 0 0
1 3 2 1 5 0 0 0 0 0
1 3 2 1 7 0 0 0 0 0
1 3 2 1 9 0 0 0 0 0
2 7 2 1 5 0 0 0 0 0
3 5 2 1 7 0 0 0 0 0
2 7 2 1 9 0 0 0 0 0
2 5 2 1 5 0 0 0 0 0
1 7 2 1 7 0 0 0 0 0
2 5 2 1 9 0 0 0 0 0
2 7 2 1 5 0 0 0 0 0
3 5 2 1 7 0 0 0 0 0
2 7 2 1 9 0 0 0 0 0
3 7 2 1 7 0 0 0 0 0
3 5 2 1 9 0 0 0 0 0
2 7 2 1 5 0 0 0 0 0
2 5 2 1 7 0 0 0 0 0
2 7 2 1 9 0 0 0 0 0
1 0 2 4 5 0 0 0 0 0
1 0 2 4 5 0 0 0 0 0
1 0 2 4 7 0 0 0 0 0
1 0 2 4 9 0 0 0 0 0
3 5 2 1 7 0 0 0 0 0
2 7 2 1 9 0 0 0 0 0