2 7 4 1 5 0 0 0 0 0
2 7 4 1 7 0 0 0 0 0
2 7 4 1 9 0 0 0 0 0
2 5 4 1 5 0 0 0 0 0
2 5 4 1 7 0 0 0 0 0
2 5 4 1 9 0 0 0 0 0
1 7 4 1 5 0 0 0 0 0
1 7 4 1 7 0 0 0 0 0
1 7 4 1 9 0 0 0 0 0
1 3 4 1 5 0 0 0 0 0
1 3 4 1 7 0 0 0 0 0
1 3 4 1 9 0 0 0 0 0
2 7 4 1 5 0 0 0 0 0
3 5 5 1 7 0 0 0 0 0
2 7 4 1 9 0 0 0 0 0
2 5 4 1 5 0 0 0 0 0
1 7 4 1 7 0 0 0 0 0
2 5 4 1 9 0 0 0 0 0
2 7 4 1 5 0 0 0 0 0
3 5 5 1 7 0 0 0 0 0
2 7 4 1 9 0 0 0 0 0
3 7 5 1 7 0 0 0 0 0
3 5 5 1 9 0 0 0 0 0
2 7 4 1 5 0 0 0 0 0
2 5 4 1 7 0 0 0 0 0
2 7 4 1 9 0 0 0 0 0
1 0 4 4 5 0 0 0 0 0
1 0 4 4 5 0 0 0 0 0
1 0 4 4 7 0 0 0 0 0
1 0 4 4 9 0 0 0 0 0
3 5 5 1 7 0 0 0 0 0
2 7 4 1 9 0 0 0 0 0